0 0.968541 0.490270 0.060468 0.030411
0 0.259188 0.683474 0.057520 0.025400
0 0.971631 0.329203 0.054788 0.047600
0 0.970059 0.498947 0.058731 0.038538
0 0.953811 0.516670 0.077995 0.045225
0 0.544410 0.438237 0.066302 0.027372
0 0.375659 0.900414 0.058447 0.031722
0 0.252163 0.681710 0.066014 0.029734
0 0.264662 0.908009 0.059621 0.044543
0 0.968278 0.315846 0.061554 0.038820
0 0.663639 0.712378 0.073767 0.037061
0 0.939582 0.634567 0.090067 0.031695
0 0.494375 0.422515 0.065753 0.034083
0 0.848023 0.415262 0.050675 0.036715
0 0.954262 0.498011 0.074767 0.033412
0 0.779249 0.690737 0.070153 0.043928
0 0.936028 0.641184 0.085652 0.033616
0 0.495708 0.409880 0.070175 0.032078
0 0.951621 0.488815 0.082207 0.029689
0 0.664172 0.695747 0.077401 0.037824
0 0.480816 0.399615 0.069130 0.032167
0 0.846824 0.427186 0.048606 0.035565
0 0.744101 0.487348 0.079095 0.028312
0 0.237253 0.888480 0.069849 0.035972
0 0.269224 0.936333 0.063805 0.030063
0 0.775728 0.486230 0.062560 0.025815
0 0.478708 0.408653 0.062997 0.038092
0 0.374018 0.910842 0.057198 0.031983
0 0.562733 0.437468 0.070308 0.025889
0 0.758894 0.486381 0.075553 0.027571
0 0.378647 0.889487 0.064138 0.030156
0 0.912316 0.591505 0.058052 0.039067
0 0.971165 0.292096 0.055675 0.042225
0 0.958761 0.293695 0.080318 0.043024
0 0.971442 0.575720 0.057116 0.052716
0 0.678749 0.212887 0.088676 0.025809
0 0.795519 0.690340 0.085082 0.043804
0 0.971624 0.587559 0.056752 0.063752
0 0.938162 0.590272 0.079649 0.037724
0 0.460844 0.989400 0.109166 0.021199
0 0.966979 0.479729 0.063648 0.031379
0 0.971079 0.566899 0.057842 0.049079
0 0.763770 0.691760 0.056062 0.044129
0 0.286811 0.960930 0.063278 0.040682
0 0.612480 0.463314 0.064838 0.025069
0 0.462979 0.389327 0.074798 0.026236
0 0.780531 0.655332 0.056385 0.053480
