5 0.110640 0.489407 0.221280 0.601715
5 0.182779 0.286917 0.365558 0.573835
0 0.967700 0.926833 0.061298 0.034388
0 0.897960 0.649714 0.064872 0.031218
0 0.871685 0.783754 0.058587 0.034385
5 0.090657 0.425586 0.179836 0.596202
0 0.871944 0.776138 0.061989 0.028117
0 0.825116 0.887694 0.064774 0.029025
0 0.864416 0.606317 0.052475 0.035035
0 0.808857 0.886871 0.072532 0.027509
0 0.865121 0.600435 0.051199 0.033452
5 0.060627 0.444536 0.118920 0.546062
0 0.877077 0.809285 0.062411 0.027710
0 0.935046 0.672805 0.098832 0.033098
0 0.830031 0.894985 0.075449 0.037236
0 0.967574 0.626132 0.062950 0.039792
0 0.940608 0.684064 0.106228 0.033383
0 0.725713 0.986845 0.106650 0.024929
0 0.813347 0.893663 0.066509 0.036998
0 0.744071 0.986480 0.114272 0.026166
0 0.943918 0.940029 0.109046 0.047369
0 0.846810 0.889541 0.087873 0.032006
0 0.764623 0.986036 0.110462 0.027334
0 0.969256 0.934666 0.059379 0.047900
0 0.902555 0.659537 0.055332 0.038141
0 0.857660 0.931816 0.093990 0.037020
0 0.958012 0.793185 0.081921 0.045120
0 0.937229 0.835153 0.105509 0.033379
0 0.961638 0.902233 0.075118 0.039811
0 0.963752 0.916708 0.069220 0.030433
