0 0.770307 0.072959 0.075850 0.020004
0 0.749299 0.061884 0.070015 0.034116
0 0.752545 0.074946 0.073142 0.026565
0 0.768272 0.082084 0.055361 0.024566
0 0.675742 0.011973 0.075817 0.023946
5 0.125519 0.043747 0.251039 0.087493
0 0.747468 0.051292 0.069350 0.030554
0 0.731546 0.085660 0.067950 0.027471
0 0.673742 0.015377 0.067009 0.029663
5 0.166113 0.042333 0.232960 0.084667
0 0.749885 0.083985 0.070367 0.026302
0 0.660004 0.012414 0.081266 0.024827
0 0.940300 0.152701 0.111680 0.090858
0 0.728271 0.051117 0.075562 0.030449
