0 0.971093 0.488639 0.054483 0.032388
0 0.972248 0.501261 0.052812 0.040428
0 0.147570 0.332384 0.060255 0.040554
0 0.826933 0.632198 0.063393 0.026263
0 0.862149 0.587116 0.061587 0.023417
0 0.813301 0.632602 0.064348 0.027117
0 0.970570 0.585182 0.058193 0.054866
0 0.971245 0.571637 0.056953 0.060749
0 0.911553 0.551249 0.058698 0.030317
0 0.968275 0.477048 0.059543 0.031651
0 0.068457 0.474365 0.073566 0.044861
0 0.974098 0.561027 0.050921 0.055910
0 0.950088 0.511481 0.086998 0.032850
0 0.934000 0.551217 0.071508 0.033423
0 0.961676 0.517069 0.071758 0.045181
0 0.971641 0.517957 0.054609 0.053625
0 0.190125 0.313757 0.067289 0.031022
0 0.174229 0.313156 0.070235 0.029252
0 0.952776 0.525324 0.080628 0.039174
0 0.146947 0.322980 0.065845 0.036607
0 0.940228 0.537838 0.088007 0.029999
0 0.966854 0.387944 0.064262 0.042735
0 0.959125 0.500435 0.075741 0.037072
0 0.087352 0.465867 0.068420 0.035362
0 0.211865 0.537067 0.068923 0.026266
0 0.966316 0.376923 0.065433 0.037108
0 0.946497 0.498252 0.095549 0.033141
0 0.933201 0.597825 0.072087 0.037188
0 0.110240 0.464794 0.061384 0.035493
0 0.955412 0.489154 0.082782 0.033770
0 0.973734 0.549482 0.051562 0.060149
0 0.878784 0.587814 0.062343 0.025474
0 0.110712 0.450372 0.065202 0.025735
0 0.952811 0.537755 0.078658 0.036049
0 0.839828 0.631713 0.062334 0.028758
0 0.843307 0.623314 0.066644 0.034299
0 0.963176 0.532583 0.069858 0.058759
0 0.089355 0.474383 0.066732 0.047673
