4 0.361542 0.868239 0.584528 0.263523
0 0.972250 0.167853 0.053532 0.046480
0 0.972712 0.153257 0.052587 0.039128
0 0.950386 0.018760 0.099227 0.036882
0 0.971879 0.139462 0.053717 0.033561
0 0.972058 0.177158 0.054261 0.051042
0 0.959561 0.023523 0.079214 0.043507
0 0.972103 0.197279 0.053394 0.049645
0 0.844816 0.146442 0.061707 0.031018
0 0.775945 0.399422 0.060875 0.035545
0 0.931771 0.017235 0.128761 0.034469
0 0.827539 0.138278 0.060211 0.026634
0 0.664729 0.336099 0.058010 0.035253
0 0.964783 0.165998 0.065528 0.038220
0 0.965561 0.053873 0.064830 0.039726
0 0.970787 0.127059 0.055139 0.035193
0 0.771660 0.389978 0.079389 0.029920
0 0.952896 0.160041 0.077867 0.027859
0 0.875236 0.149843 0.058562 0.028096
0 0.969928 0.114191 0.056343 0.032868
0 0.962881 0.151656 0.069729 0.036111
0 0.971961 0.186431 0.053959 0.047725
0 0.949660 0.147472 0.088482 0.035486
0 0.962830 0.033266 0.071631 0.055009
1 0.696168 0.610413 0.328385 0.302517
0 0.940915 0.022510 0.113415 0.041925
0 0.971256 0.234337 0.055684 0.043643
0 0.958007 0.140345 0.079874 0.036329
0 0.792752 0.390321 0.074460 0.034246
0 0.727931 0.425704 0.070540 0.038891
