0 0.979248 0.323367 0.040037 0.061150
0 0.977339 0.398906 0.042129 0.072854
0 0.978570 0.368685 0.041359 0.070603
0 0.979191 0.305786 0.040107 0.060039
0 0.978115 0.382610 0.041547 0.071178
0 0.979301 0.286337 0.040014 0.063062
0 0.979394 0.251622 0.040123 0.068120
0 0.977121 0.412329 0.042172 0.072199
0 0.979467 0.267664 0.039852 0.067158
0 0.980002 0.237800 0.038641 0.062432
0 0.979048 0.334702 0.040876 0.065759
0 0.976701 0.430178 0.042849 0.076716
0 0.977149 0.102395 0.042277 0.048308
0 0.955274 0.022564 0.088500 0.044360
0 0.975524 0.085649 0.045670 0.043888
0 0.978867 0.349584 0.041044 0.068278
0 0.977445 0.119130 0.041718 0.052661
0 0.972901 0.304598 0.051544 0.052005
0 0.977499 0.169488 0.041973 0.052674
0 0.964721 0.032550 0.068434 0.061054
0 0.983618 0.246349 0.031591 0.056698
0 0.979850 0.222143 0.038388 0.054641
0 0.977070 0.151154 0.042543 0.050872
0 0.969277 0.287213 0.058649 0.055702
0 0.977026 0.134674 0.042540 0.052538
0 0.978251 0.186473 0.040804 0.055011
0 0.984163 0.231847 0.030277 0.051951
0 0.965430 0.298293 0.058133 0.039878
0 0.607068 0.280914 0.046861 0.037590
