5 0.166742 0.308047 0.333484 0.616094
5 0.504707 0.343009 0.291101 0.686017
0 0.955653 0.245062 0.081630 0.036496
0 0.072059 0.864277 0.048670 0.045973
0 0.890899 0.196541 0.049469 0.041388
0 0.072866 0.851184 0.053296 0.034621
5 0.054154 0.337345 0.108308 0.572164
0 0.284513 0.781970 0.053053 0.037401
0 0.890158 0.179935 0.050196 0.040225
0 0.909952 0.204248 0.047429 0.053259
0 0.102341 0.699332 0.058159 0.042531
5 0.921080 0.060274 0.157841 0.120549
0 0.981218 0.266940 0.037564 0.091682
0 0.108292 0.916796 0.046516 0.035734
0 0.047979 0.851901 0.069526 0.037885
5 0.361880 0.335213 0.335975 0.670427
0 0.882502 0.193625 0.053244 0.038756
5 0.476444 0.275832 0.292549 0.551665
5 0.908134 0.039670 0.183733 0.079340
5 0.053636 0.379403 0.107272 0.683156
0 0.046361 0.684394 0.083054 0.036292
0 0.090998 0.699321 0.053511 0.044558
0 0.292894 0.795767 0.050069 0.046768
0 0.293231 0.781922 0.054420 0.034582
0 0.953975 0.236832 0.085492 0.040915
0 0.100999 0.691248 0.081034 0.043717
0 0.284081 0.766276 0.054419 0.041425
0 0.021884 0.822870 0.043768 0.054868
0 0.983359 0.280809 0.033282 0.109018
